gen 0 300 inf inf 886.8763524635027 1.7976931348623157e+308 
gen 1 2452 1854.9007250701213 481.46071104415785 886.8763524635027 3875.8329224982626 
gen 2 4488 1477.5887888367183 255.94590031988903 886.8763524635027 2647.30173997663 
gen 3 6615 1271.6443022921972 219.8631924507183 886.8763524635027 1715.2185164948037 
gen 4 8716 1104.5491205294989 197.71837099164176 886.8763524635027 1585.88999139264 
gen 5 10918 956.201581838871 132.69249750001006 873.6075438862197 1648.0658436869005 
gen 6 13110 891.5058641073539 31.44619383155068 858.6255770844318 1174.3250064910435 
gen 7 15283 883.2779250208176 8.063677112412265 858.6255770844318 886.8763524635027 
gen 8 17458 877.4886891104949 11.368736569968204 848.8949190441418 886.8763524635027 
gen 9 19561 867.7975163220951 11.32812522423971 841.083799361116 886.8763524635027 
gen 10 21690 858.0747573858114 9.150742601587643 807.0455462866803 886.8763524635027 
gen 11 23841 850.1379050167461 11.420170686026463 806.8387585303806 867.0366486019675 
gen 12 26005 841.5301556442755 13.671635631902443 806.8387585303806 858.6255770844318 
gen 13 28031 829.949196464727 14.452997258358128 806.8387585303806 856.046027950679 
gen 14 30228 816.9364401362619 11.73736021199252 806.8387585303806 841.083799361116 
gen 15 32377 808.5597294181455 5.600665950932985 793.2561780170183 841.083799361116 
gen 16 34448 806.2146388161449 2.891231635861706 793.2561780170183 807.0455462866803 
gen 17 36722 804.5377433583789 4.8808279214580015 789.0441456211172 807.0455462866803 
gen 18 38981 800.7151409745112 6.877608820920751 782.2768538703308 807.0455462866803 
gen 19 41095 795.3054860039148 6.373219284958705 782.2768538703308 807.0455462866803 
gen 20 43286 790.3078530459969 4.458892605472421 764.2683560472108 802.2614622603104 
gen 21 45354 786.6316513981727 5.263724421065289 750.7168895247596 793.8919869640431 
gen 22 47579 782.6204063677061 8.168893816104953 750.7168895247596 789.0441456211172 
gen 23 49888 776.900602578867 10.20670629632909 750.7168895247596 789.0441456211172 
gen 24 51962 769.1819371232561 11.135043462732893 732.6070914895924 789.0441456211172 
gen 25 54117 760.096180715712 10.552598708442357 732.6070914895924 782.2768538703308 
gen 26 56288 751.9006584332907 11.091110177745415 724.2457571969359 764.2683560472108 
gen 27 58395 743.7386624637913 9.254581971820196 724.2457571969359 764.2683560472108 
gen 28 60637 736.2018074305311 6.198697992165294 724.2457571969359 750.7168895247596 
gen 29 62847 732.6715942178553 2.258682247362992 724.2457571969359 745.7484151401331 
gen 30 65061 731.8824425175623 2.352427717765262 724.2457571969359 732.6070914895924 
gen 31 67449 730.5167579164284 3.6205639534872938 724.2457571969359 732.6070914895924 
gen 32 69565 727.7296464855428 4.122193397376926 724.2457571969359 732.6070914895924 
gen 33 71868 724.9982772832751 2.392861367375082 724.2457571969359 732.6070914895924 
gen 34 74116 724.2736283112449 0.4819366191029331 724.2457571969359 732.6070914895924 
gen 35 76386 724.245757196936 1.1368683772161603e-13 724.2457571969359 724.2457571969359 
gen 36 78650 724.1949701931785 0.6199343859216548 716.62770663332 724.2457571969359 
gen 37 80780 724.1441831894211 0.8737726513200113 716.62770663332 724.2457571969359 
gen 38 82991 724.0426091819063 1.2273234025245097 716.62770663332 724.2457571969359 
gen 39 85128 723.7124936574828 1.9437228724220112 716.62770663332 724.2457571969359 
gen 40 87425 722.5697860729405 3.1557492861903627 716.62770663332 724.2457571969359 
gen 41 89557 720.4113384132493 3.8089406358611364 716.62770663332 724.2457571969359 
gen 42 91591 717.719627214105 2.6694598032431034 716.62770663332 724.2457571969359 
gen 43 93803 716.6422490100749 0.4780811390487178 713.3723690961464 724.2457571969359 
gen 44 96057 716.5843021328245 0.3733796313170838 713.3723690961464 716.62770663332 
gen 45 98164 716.3672796303462 0.883150935342643 713.3723690961464 716.62770663332 
gen 46 100386 715.9549368756375 1.3181325802843227 713.3723690961464 716.62770663332 
gen 47 102714 714.8500092325942 1.7029728298083147 711.4085501202527 716.62770663332 
gen 48 104879 713.5518253978092 1.0959561649318696 711.4085501202527 716.62770663332 
gen 49 107033 712.8791733507908 0.8842730577637925 711.4085501202527 716.62770663332 
gen 50 109173 712.1486881476833 0.9712584494772675 710.1144973586522 713.3723690961464 
gen 51 111452 711.5175998400555 0.578878893888234 710.1144973586522 713.3723690961464 
gen 52 113615 711.276737972879 0.38368048564457796 710.1144973586522 711.4085501202527 
gen 53 115737 711.0336184290288 0.56732538839872 710.1144973586522 711.4085501202527 
gen 54 118056 710.5898895427873 0.5993757249661048 710.1144973586522 711.4085501202527 
gen 55 120315 710.0559450636862 0.7373221182624542 703.5678240223858 711.4085501202527 
gen 56 122647 709.6440096051718 1.3727333654985663 703.5678240223858 710.1144973586522 
gen 57 124756 708.8498922532846 2.1339062471452226 703.5678240223858 710.1144973586522 
gen 58 126832 707.0935454616365 2.642512689662162 703.5678240223858 710.1144973586522 
gen 59 129200 704.7334093185985 1.7364342225822615 703.5678240223858 710.1144973586522 
gen 60 131395 703.7400152776106 0.6523647925479886 703.5678240223858 706.5522377663856 
gen 61 133488 703.5692596828875 0.024824890767722825 703.5678240223858 703.998522172848 
gen 62 135634 703.5678240223859 1.1368683772161603e-13 703.5678240223858 703.5678240223858 
gen 63 137984 703.5678240223859 1.1368683772161603e-13 703.5678240223858 703.5678240223858 
gen 64 140090 703.5642560477529 0.06169604891349978 702.4974316324859 703.5678240223858 
gen 65 142180 703.5571200984868 0.1065026980724925 702.4974316324859 703.5678240223858 
gen 66 144309 703.4745113147692 0.6068536970524778 698.44255763345 703.5678240223858 
gen 67 146552 703.2195490143498 1.1661411889783713 698.44255763345 703.5678240223858 
gen 68 148728 702.5841012362637 1.8466212697140303 698.44255763345 703.5678240223858 
gen 69 150832 701.250875021205 2.3439262012183444 698.44255763345 703.5678240223858 
gen 70 152986 699.5417852397047 1.8823490019719142 698.44255763345 703.5678240223858 
gen 71 155165 698.3666914638375 0.7306634869962486 694.7435862868823 702.4974316324859 
gen 72 157307 698.1712997347015 0.9642584442807578 694.7435862868823 698.44255763345 
gen 73 159551 697.875382026976 1.3327708536127088 694.7435862868823 698.44255763345 
gen 74 161631 697.077910560784 1.7813484145866416 694.7435862868823 698.44255763345 
gen 75 163714 695.7832705894853 1.6590637066860652 694.7435862868823 698.44255763345 
gen 76 165856 694.8565415900614 0.6315823168396986 694.7435862868823 698.44255763345 
gen 77 168018 694.7435862868823 0.0 694.7435862868823 694.7435862868823 
gen 78 170244 694.7435862868823 0.0 694.7435862868823 694.7435862868823 
gen 79 172464 694.7406354499676 0.029360456591746405 694.4485025954025 694.7435862868823 
gen 80 174660 694.7376846130528 0.04131171680717443 694.4485025954025 694.7435862868823 
gen 81 176909 694.7327665515281 0.05545864022885432 694.4485025954025 694.7435862868823 
gen 82 178848 694.7239140407836 0.07360680492946543 694.4485025954025 694.7435862868823 
gen 83 181026 694.6963728962455 0.10817946820426072 694.4485025954025 694.7435862868823 
gen 84 183200 694.6393233825595 0.14105151354792136 694.4485025954025 694.7435862868823 
gen 85 185343 694.5429293766762 0.137649504797775 694.4485025954025 694.7435862868823 
gen 86 187551 694.4544042692323 0.04131171680717444 694.4485025954025 694.7435862868823 
gen 87 189677 694.427054945573 0.26180193047184225 691.2313551209619 694.4485025954025 
gen 88 191785 694.427054945573 0.26180193047184225 691.2313551209619 694.4485025954025 
gen 89 194008 694.4056072957435 0.36899932009576925 691.2313551209619 694.4485025954025 
gen 90 196189 694.3305405213399 0.6046373605176734 691.2313551209619 694.4485025954025 
gen 91 198368 694.1295884632841 0.9513543831525157 691.2313551209619 694.4485025954025 
gen 92 200514 693.7573742975169 1.2869131387366426 691.2313551209619 694.4485025954025 
[1, 0, 6, 5, 2, 7, 3, 4, 3, 5, 2, 6, 1, 7, 4, 0, 6, 3, 5, 0, 2, 7, 4, 1, 1, 0, 6, 5, 2, 3, 7, 4, 1, 3, 5, 6, 2, 7, 4, 0, 6, 3, 1, 5, 2, 7, 4, 0, 0, 7, 1, 5, 3, 2, 4, 6, 6, 3, 5, 1, 7, 4, 2, 0]
691.2313551209619
