gen 0 200 inf inf 886.8763524635027 1.7976931348623157e+308 
gen 1 2288 1839.0241675589245 595.9360848517606 886.8763524635027 4779.082961266329 
gen 2 4369 1487.935403731033 282.95624446166835 886.8763524635027 2844.7428757031976 
gen 3 6448 1293.603170196436 200.0400351780848 886.8763524635027 2044.358250462516 
gen 4 8534 1161.8091655245712 159.18213242719492 886.8763524635027 1767.509709591531 
gen 5 10611 1071.682960124293 115.02703577784715 886.8763524635027 1974.1750792144492 
gen 6 12687 1007.1472759794924 41.364361012187146 886.8763524635027 1150.5956015369939 
gen 7 14772 981.9666191451926 43.89021046098995 886.8763524635027 1053.0243537148506 
gen 8 16854 946.4935597434326 40.17243637540205 886.8763524635027 1025.8637059273183 
gen 9 18930 913.8801305735324 28.056011243318785 873.4156202261476 1025.8637059273183 
gen 10 21007 896.4557855760282 15.15922116982442 873.4156202261476 961.9182347041082 
gen 11 23082 885.9836525908926 9.0096073408718 854.0921851171337 911.8114338270717 
gen 12 25160 880.3777335183672 13.105272609056373 854.0921851171337 1007.5178005455798 
gen 13 27238 871.6387047441867 10.311003526689992 846.0305333901457 886.8763524635027 
gen 14 29317 863.1673493726894 11.440293900467168 832.0246817000118 926.5033679899973 
gen 15 31398 855.3983388661618 10.761679413902067 812.7192714790115 873.4156202261476 
gen 16 33474 849.3273273400712 10.732891662601439 812.7192714790115 873.4156202261476 
gen 17 35554 843.5420939703268 12.230441624525037 812.7192714790115 873.4156202261476 
gen 18 37633 834.9572543508335 12.313441175802435 812.7192714790115 854.0921851171337 
gen 19 39705 825.6765243236 10.769118891160431 803.0726438103748 868.8649924217319 
gen 20 41780 818.0261735962267 8.733966402505946 783.0158823709875 832.0246817000118 
gen 21 43861 813.7246539516261 11.681349285862847 783.0158823709875 955.9574814524349 
gen 22 45945 810.3585253443431 6.643280310918658 783.0158823709875 828.9360602214006 
gen 23 48024 807.5544951256393 8.355863944100657 783.0158823709875 812.7192714790115 
gen 24 50109 801.3833392654309 10.046595080436774 783.0158823709875 812.7192714790115 
gen 25 52184 794.9127949090066 10.365702376410487 783.0158823709875 812.7192714790115 
gen 26 54260 786.5263653188499 8.314898225397481 765.8594505917697 804.0257033643145 
gen 27 56337 782.3540959854369 5.921978545875931 760.6035689017278 803.0726438103748 
gen 28 58422 779.939727123698 5.4726439839237875 760.6035689017278 783.0158823709875 
gen 29 60501 776.1344122081382 6.582122764768098 760.6035689017278 783.0158823709875 
gen 30 62579 771.7300479471218 7.0836478890428465 739.323253497227 783.0158823709875 
gen 31 64654 765.6232676898877 7.551659364643238 739.323253497227 783.0158823709875 
gen 32 66731 759.3516803707321 8.021516712759576 739.323253497227 776.4823872242977 
gen 33 68813 753.0874370917143 10.456958824739912 726.527679971821 790.3319387202075 
gen 34 70895 744.17847838552 8.981109120414928 725.2280950624539 762.2860640550621 
gen 35 72970 736.0429292121793 7.132057842011355 720.4975898021812 760.6035689017278 
gen 36 75052 730.7105014291595 6.3547992900270245 720.4975898021812 745.0440543746273 
gen 37 77130 726.0316603000928 5.8283665498029125 706.3883966304716 739.323253497227 
gen 38 79208 722.0680562535525 6.458191991453143 703.3518541363713 738.0279573989848 
gen 39 81287 716.7844870880721 7.906649120407467 703.3518541363713 738.0279573989848 
gen 40 83365 709.9996464419786 5.934804594236286 703.3518541363713 724.7889384863786 
gen 41 85449 706.0477828122795 2.620767841147903 699.057951489917 722.975838024267 
gen 42 87525 704.1857293174189 1.8113173525774247 699.057951489917 706.3883966304716 
gen 43 89606 702.915836982895 1.807680063991938 699.057951489917 706.3883966304716 
gen 44 91682 701.7867678265416 3.1885314522298693 693.9127910665545 735.3420578638428 
gen 45 93756 700.1741726952913 3.6231316611746736 693.9127910665545 740.5478976254192 
gen 46 95838 698.5233831901849 1.9429655582857681 693.9127910665545 703.3518541363713 
gen 47 97918 697.2322150047717 2.341423087740808 693.9127910665545 699.057951489917 
gen 48 99989 695.3859827790645 2.1007860894126784 693.9127910665545 699.057951489917 
gen 49 102069 694.0693100824928 0.6161774868037143 693.9127910665545 699.057951489917 
gen 50 104147 693.9170151863791 0.059588543111071084 693.9127910665545 694.7576150314599 
gen 51 106225 693.9127910665545 0.0 693.9127910665545 693.9127910665545 
gen 52 108305 693.9127910665545 0.0 693.9127910665545 693.9127910665545 
gen 53 110388 693.9127910665545 0.0 693.9127910665545 693.9127910665545 
gen 54 112465 693.9127910665545 0.0 693.9127910665545 693.9127910665545 
gen 55 114549 693.9127910665545 0.0 693.9127910665545 693.9127910665545 
gen 56 116634 693.9127910665545 0.0 693.9127910665545 693.9127910665545 
gen 57 118710 693.9127910665545 0.0 693.9127910665545 693.9127910665545 
gen 58 120794 693.9127910665545 0.0 693.9127910665545 693.9127910665545 
gen 59 122866 693.9127910665545 0.0 693.9127910665545 693.9127910665545 
gen 60 124936 693.9127910665545 0.0 693.9127910665545 693.9127910665545 
gen 61 127016 693.9059827283746 0.09604342916486486 692.5511234305641 693.9127910665545 
gen 62 129097 693.8991743901947 0.1354842191325161 692.5511234305641 693.9127910665545 
gen 63 131180 693.8651326992949 0.2502469506543005 692.5511234305641 693.9127910665545 
gen 64 133257 693.8106659938552 0.35865146848152074 692.5511234305641 693.9127910665545 
gen 65 135339 693.5655658193771 0.5934981122151526 692.5511234305641 693.9127910665545 
gen 66 137419 693.14344885222 0.6750562580284565 692.5511234305641 693.9127910665545 
gen 67 139500 692.6872901941632 0.40850029079713296 692.5511234305641 693.9127910665545 
gen 68 141575 692.5511234305641 0.0 692.5511234305641 692.5511234305641 
gen 69 143655 692.5511234305641 0.0 692.5511234305641 692.5511234305641 
gen 70 145739 692.5511234305641 0.0 692.5511234305641 692.5511234305641 
gen 71 147811 692.5511234305641 0.0 692.5511234305641 692.5511234305641 
gen 72 149891 692.5511234305641 0.0 692.5511234305641 692.5511234305641 
gen 73 151967 692.5461916862598 0.049070236256753746 692.0579490001467 692.5511234305641 
gen 74 154045 692.4589997774322 0.573131165362707 687.889069846362 692.5511234305641 
gen 75 156129 692.2514422032476 1.014772477274122 687.889069846362 692.5511234305641 
gen 76 158206 691.5873117242035 1.7168615069866884 687.889069846362 692.5511234305641 
gen 77 160283 690.3516364893422 2.145756103399363 687.889069846362 692.5511234305641 
gen 78 162362 688.8152369569356 1.7406940764479675 687.6096975926604 692.5511234305641 
gen 79 164442 687.904218273798 0.4254182653200908 687.6096975926604 692.0579490001467 
gen 80 166520 687.8136393378626 0.12402995422420762 687.6096975926604 687.889069846362 
gen 81 168598 687.7340182455575 0.13883845376824383 687.6096975926604 687.889069846362 
gen 82 170667 687.6320473729565 0.07579179250934048 687.6096975926604 687.889069846362 
gen 83 172741 687.5985797082609 0.11062155304596778 686.4979091527214 687.6096975926604 
gen 84 174822 687.5985797082611 0.11062155304596777 686.4979091527214 687.6096975926604 
gen 85 176903 687.5248633810213 0.2902429005448311 686.4979091527214 687.6096975926604 
gen 86 178980 687.3218413045447 0.4780526307751823 686.4979091527214 687.6096975926604 
gen 87 181057 686.9660158316111 0.5341984612327472 686.4979091527214 687.6096975926604 
gen 88 183137 686.5971243868064 0.30538976746180607 686.4979091527214 687.6096975926604 
gen 89 185217 686.4979091527214 0.0 686.4979091527214 686.4979091527214 
gen 90 187301 686.4979091527214 0.0 686.4979091527214 686.4979091527214 
gen 91 189379 686.4979091527214 0.0 686.4979091527214 686.4979091527214 
gen 92 191456 686.4979091527214 0.0 686.4979091527214 686.4979091527214 
gen 93 193533 686.4979091527214 0.0 686.4979091527214 686.4979091527214 
gen 94 195606 686.4979091527214 0.0 686.4979091527214 686.4979091527214 
gen 95 197696 686.4979091527214 0.0 686.4979091527214 686.4979091527214 
gen 96 199779 686.4979091527214 0.0 686.4979091527214 686.4979091527214 
gen 97 201858 686.4979091527214 0.0 686.4979091527214 686.4979091527214 
gen 98 203937 686.4979091527214 0.0 686.4979091527214 686.4979091527214 
gen 99 206024 686.4979091527214 0.0 686.4979091527214 686.4979091527214 
gen 100 208090 686.4979091527214 0.0 686.4979091527214 686.4979091527214 
gen 101 210172 686.491429028267 0.06447642422928601 685.8498967072901 686.4979091527214 
gen 102 212248 686.4655085304498 0.14123103818958013 685.8498967072901 686.4979091527214 
gen 103 214332 686.407187410361 0.22485191478800534 685.8498967072901 686.4979091527214 
gen 104 216403 686.2743448590476 0.3080445604921606 685.8498967072901 686.4979091527214 
gen 105 218485 686.0993814987811 0.3153198196223854 685.8498967072901 686.4979091527214 
gen 106 220566 685.9017377029246 0.17580136952347514 685.8498967072901 686.4979091527214 
gen 107 222644 685.8531367695173 0.04570670239618337 685.8498967072901 686.4979091527214 
gen 108 224727 685.84989670729 1.1368683772161603e-13 685.8498967072901 685.8498967072901 
gen 109 226806 685.761804680774 0.6166441856121195 681.4452953814892 685.8498967072901 
gen 110 228885 685.717758667516 0.7513687001879152 681.4452953814892 685.8498967072901 
gen 111 230968 685.365390561452 1.3781546382617034 681.4452953814892 685.8498967072901 
gen 112 233047 684.9469534355009 1.7781447016416358 681.4452953814892 685.8498967072901 
gen 113 235131 683.9338951305667 2.183611925930485 681.4452953814892 685.8498967072901 
gen 114 237210 682.5464457129394 1.9072483208430793 681.4452953814892 685.8498967072901 
gen 115 239293 681.6435024411502 0.913092021247927 681.4452953814892 685.8498967072901 
gen 116 241373 681.4452953814891 1.1368683772161603e-13 681.4452953814892 681.4452953814892 
gen 117 243461 681.4452953814891 1.1368683772161603e-13 681.4452953814892 681.4452953814892 
gen 118 245540 681.4452953814891 1.1368683772161603e-13 681.4452953814892 681.4452953814892 
gen 119 247624 681.4452953814891 1.1368683772161603e-13 681.4452953814892 681.4452953814892 
gen 120 249696 681.4452953814891 1.1368683772161603e-13 681.4452953814892 681.4452953814892 
gen 121 251775 681.4452953814891 1.1368683772161603e-13 681.4452953814892 681.4452953814892 
gen 122 253858 681.4452953814891 1.1368683772161603e-13 681.4452953814892 681.4452953814892 
gen 123 255940 681.4452953814891 1.1368683772161603e-13 681.4452953814892 681.4452953814892 
gen 124 258023 681.4452953814891 1.1368683772161603e-13 681.4452953814892 681.4452953814892 
gen 125 260111 681.4452953814891 1.1368683772161603e-13 681.4452953814892 681.4452953814892 
gen 126 262191 681.4452953814891 1.1368683772161603e-13 681.4452953814892 681.4452953814892 
gen 127 264267 681.4452953814891 1.1368683772161603e-13 681.4452953814892 681.4452953814892 
gen 128 266347 681.4452953814891 1.1368683772161603e-13 681.4452953814892 681.4452953814892 
gen 129 268430 681.4397146298268 0.0787261902688649 680.3291450490191 681.4452953814892 
gen 130 270514 681.4341338781644 0.11105555587301963 680.3291450490191 681.4452953814892 
gen 131 272595 681.4062301198527 0.2051258396615105 680.3291450490191 681.4452953814892 
gen 132 274671 681.2778728316185 0.39854538574150117 680.3291450490191 681.4452953814892 
gen 133 276754 680.9994409104443 0.615148221449393 680.3291450490191 684.914878767536 
gen 134 278834 680.6360863904483 0.49837705927012066 680.3291450490191 681.4452953814892 
gen 135 280906 680.3403065523437 0.11105555587301962 680.3291450490191 681.4452953814892 
gen 136 282988 680.329145049019 1.1368683772161603e-13 680.3291450490191 680.3291450490191 
gen 137 285068 680.329145049019 1.1368683772161603e-13 680.3291450490191 680.3291450490191 
gen 138 287150 680.329145049019 1.1368683772161603e-13 680.3291450490191 680.3291450490191 
gen 139 289226 680.329145049019 1.1368683772161603e-13 680.3291450490191 680.3291450490191 
gen 140 291308 680.329145049019 1.1368683772161603e-13 680.3291450490191 680.3291450490191 
gen 141 293390 680.329145049019 1.1368683772161603e-13 680.3291450490191 680.3291450490191 
gen 142 295470 680.3226865188647 0.05233668094054924 679.8985763720636 680.3291450490191 
gen 143 297551 680.3140751453254 0.0791298078969026 679.8985763720636 680.3291450490191 
gen 144 299628 680.2990052416321 0.1098583132991869 679.8985763720636 680.3291450490191 
gen 145 301716 680.2516426871671 0.16541908387756302 679.8985763720636 680.3291450490191 
gen 146 303793 680.154764734852 0.21136273841188732 679.8985763720636 680.3291450490191 
gen 147 305868 680.010524228072 0.188862166101787 679.8985763720636 680.3291450490191 
gen 148 307949 679.9050349022181 0.05233668094054924 679.8985763720636 680.3291450490191 
gen 149 310024 679.8985763720639 2.2737367544323206e-13 679.8985763720636 679.8985763720636 
gen 150 312107 679.8985763720639 2.2737367544323206e-13 679.8985763720636 679.8985763720636 
gen 151 314186 679.8985763720639 2.2737367544323206e-13 679.8985763720636 679.8985763720636 
gen 152 316276 679.8985763720639 2.2737367544323206e-13 679.8985763720636 679.8985763720636 
gen 153 318359 679.8985763720639 2.2737367544323206e-13 679.8985763720636 679.8985763720636 
gen 154 320440 679.8985763720639 2.2737367544323206e-13 679.8985763720636 679.8985763720636 
gen 155 322517 679.8985763720639 2.2737367544323206e-13 679.8985763720636 679.8985763720636 
gen 156 324598 679.8985763720639 2.2737367544323206e-13 679.8985763720636 679.8985763720636 
gen 157 326677 679.8985763720639 2.2737367544323206e-13 679.8985763720636 679.8985763720636 
gen 158 328758 679.8985763720639 2.2737367544323206e-13 679.8985763720636 679.8985763720636 
gen 159 330834 679.892211688575 0.08978490957027767 678.6256396743088 679.8985763720636 
gen 160 332914 679.8858470050862 0.12665560224980701 678.6256396743088 679.8985763720636 
gen 161 334999 679.8412942206647 0.26388502756542015 678.6256396743088 679.8985763720636 
gen 162 337083 679.7649180187996 0.3902230995651663 678.6256396743088 679.8985763720636 
gen 163 339159 679.5294247297148 0.5776103682704333 678.6256396743088 679.8985763720636 
gen 164 341235 679.1920965048098 0.6326059961914487 678.6256396743088 679.8985763720636 
gen 165 343318 678.8229448624608 0.4606817528233719 678.6256396743088 679.8985763720636 
gen 166 345392 678.6256396743087 1.1368683772161603e-13 678.6256396743088 678.6256396743088 
gen 167 347473 678.6256396743087 1.1368683772161603e-13 678.6256396743088 678.6256396743088 
gen 168 349551 678.6256396743087 1.1368683772161603e-13 678.6256396743088 678.6256396743088 
gen 169 351634 678.6256396743087 1.1368683772161603e-13 678.6256396743088 678.6256396743088 
gen 170 353715 678.6256396743087 1.1368683772161603e-13 678.6256396743088 678.6256396743088 
gen 171 355798 678.6256396743087 1.1368683772161603e-13 678.6256396743088 678.6256396743088 
gen 172 357880 678.6256396743087 1.1368683772161603e-13 678.6256396743088 678.6256396743088 
gen 173 359956 678.6256396743087 1.1368683772161603e-13 678.6256396743088 678.6256396743088 
gen 174 362032 678.6256396743087 1.1368683772161603e-13 678.6256396743088 678.6256396743088 
gen 175 364111 678.6256396743087 1.1368683772161603e-13 678.6256396743088 678.6256396743088 
gen 176 366188 678.6256396743087 1.1368683772161603e-13 678.6256396743088 678.6256396743088 
gen 177 368272 678.6256396743087 1.1368683772161603e-13 678.6256396743088 678.6256396743088 
gen 178 370355 678.6256396743087 1.1368683772161603e-13 678.6256396743088 678.6256396743088 
gen 179 372437 678.6256396743087 1.1368683772161603e-13 678.6256396743088 678.6256396743088 
gen 180 374521 678.6256396743087 1.1368683772161603e-13 678.6256396743088 678.6256396743088 
gen 181 376598 678.6256396743087 1.1368683772161603e-13 678.6256396743088 678.6256396743088 
gen 182 378684 678.6256396743087 1.1368683772161603e-13 678.6256396743088 678.6256396743088 
gen 183 380760 678.6256396743087 1.1368683772161603e-13 678.6256396743088 678.6256396743088 
gen 184 382846 678.6256396743087 1.1368683772161603e-13 678.6256396743088 678.6256396743088 
gen 185 384925 678.6256396743087 1.1368683772161603e-13 678.6256396743088 678.6256396743088 
gen 186 387001 678.6256396743087 1.1368683772161603e-13 678.6256396743088 678.6256396743088 
gen 187 389077 678.6256396743087 1.1368683772161603e-13 678.6256396743088 678.6256396743088 
gen 188 391150 678.6256396743087 1.1368683772161603e-13 678.6256396743088 678.6256396743088 
gen 189 393229 678.6256396743087 1.1368683772161603e-13 678.6256396743088 678.6256396743088 
gen 190 395314 678.6256396743087 1.1368683772161603e-13 678.6256396743088 678.6256396743088 
gen 191 397390 678.6256396743087 1.1368683772161603e-13 678.6256396743088 678.6256396743088 
gen 192 399470 678.6256396743087 1.1368683772161603e-13 678.6256396743088 678.6256396743088 
gen 193 401550 678.6256396743087 1.1368683772161603e-13 678.6256396743088 678.6256396743088 
gen 194 403628 678.6256396743087 1.1368683772161603e-13 678.6256396743088 678.6256396743088 
gen 195 405707 678.6256396743087 1.1368683772161603e-13 678.6256396743088 678.6256396743088 
gen 196 407783 678.6256396743087 1.1368683772161603e-13 678.6256396743088 678.6256396743088 
gen 197 409865 678.6256396743087 1.1368683772161603e-13 678.6256396743088 678.6256396743088 
gen 198 411943 678.6256396743087 1.1368683772161603e-13 678.6256396743088 678.6256396743088 
gen 199 414026 678.6256396743087 1.1368683772161603e-13 678.6256396743088 678.6256396743088 
gen 200 416105 678.6256396743087 1.1368683772161603e-13 678.6256396743088 678.6256396743088 
gen 201 418182 678.6256396743087 1.1368683772161603e-13 678.6256396743088 678.6256396743088 
gen 202 420270 678.6256396743087 1.1368683772161603e-13 678.6256396743088 678.6256396743088 
gen 203 422354 678.6256396743087 1.1368683772161603e-13 678.6256396743088 678.6256396743088 
gen 204 424431 678.6256396743087 1.1368683772161603e-13 678.6256396743088 678.6256396743088 
gen 205 426507 678.6256396743087 1.1368683772161603e-13 678.6256396743088 678.6256396743088 
gen 206 428587 678.6256396743087 1.1368683772161603e-13 678.6256396743088 678.6256396743088 
gen 207 430669 678.6256396743087 1.1368683772161603e-13 678.6256396743088 678.6256396743088 
gen 208 432746 678.6256396743087 1.1368683772161603e-13 678.6256396743088 678.6256396743088 
gen 209 434827 678.6256396743087 1.1368683772161603e-13 678.6256396743088 678.6256396743088 
gen 210 436907 678.6256396743087 1.1368683772161603e-13 678.6256396743088 678.6256396743088 
gen 211 438991 678.6256396743087 1.1368683772161603e-13 678.6256396743088 678.6256396743088 
gen 212 441070 678.6256396743087 1.1368683772161603e-13 678.6256396743088 678.6256396743088 
gen 213 443149 678.6256396743087 1.1368683772161603e-13 678.6256396743088 678.6256396743088 
gen 214 445229 678.6256396743087 1.1368683772161603e-13 678.6256396743088 678.6256396743088 
gen 215 447306 678.6256396743087 1.1368683772161603e-13 678.6256396743088 678.6256396743088 
gen 216 449384 678.6256396743087 1.1368683772161603e-13 678.6256396743088 678.6256396743088 
gen 217 451469 678.6256396743087 1.1368683772161603e-13 678.6256396743088 678.6256396743088 
gen 218 453549 678.6256396743087 1.1368683772161603e-13 678.6256396743088 678.6256396743088 
gen 219 455628 678.6256396743087 1.1368683772161603e-13 678.6256396743088 678.6256396743088 
gen 220 457711 678.6256396743087 1.1368683772161603e-13 678.6256396743088 678.6256396743088 
gen 221 459789 678.6256396743087 1.1368683772161603e-13 678.6256396743088 678.6256396743088 
gen 222 461866 678.6256396743087 1.1368683772161603e-13 678.6256396743088 678.6256396743088 
gen 223 463947 678.6256396743087 1.1368683772161603e-13 678.6256396743088 678.6256396743088 
gen 224 466030 678.6256396743087 1.1368683772161603e-13 678.6256396743088 678.6256396743088 
gen 225 468112 678.6256396743087 1.1368683772161603e-13 678.6256396743088 678.6256396743088 
gen 226 470187 678.6256396743087 1.1368683772161603e-13 678.6256396743088 678.6256396743088 
gen 227 472266 678.6256396743087 1.1368683772161603e-13 678.6256396743088 678.6256396743088 
gen 228 474348 678.6256396743087 1.1368683772161603e-13 678.6256396743088 678.6256396743088 
gen 229 476425 678.6256396743087 1.1368683772161603e-13 678.6256396743088 678.6256396743088 
gen 230 478499 678.6256396743087 1.1368683772161603e-13 678.6256396743088 678.6256396743088 
gen 231 480581 678.6256396743087 1.1368683772161603e-13 678.6256396743088 678.6256396743088 
gen 232 482661 678.6256396743087 1.1368683772161603e-13 678.6256396743088 678.6256396743088 
gen 233 484742 678.6256396743087 1.1368683772161603e-13 678.6256396743088 678.6256396743088 
gen 234 486823 678.6256396743087 1.1368683772161603e-13 678.6256396743088 678.6256396743088 
gen 235 488901 678.6256396743087 1.1368683772161603e-13 678.6256396743088 678.6256396743088 
gen 236 490981 678.6256396743087 1.1368683772161603e-13 678.6256396743088 678.6256396743088 
gen 237 493068 678.6256396743087 1.1368683772161603e-13 678.6256396743088 678.6256396743088 
gen 238 495143 678.6256396743087 1.1368683772161603e-13 678.6256396743088 678.6256396743088 
gen 239 497223 678.6256396743087 1.1368683772161603e-13 678.6256396743088 678.6256396743088 
gen 240 499300 678.6256396743087 1.1368683772161603e-13 678.6256396743088 678.6256396743088 
gen 241 501379 678.6256396743087 1.1368683772161603e-13 678.6256396743088 678.6256396743088 
gen 242 503457 678.6256396743087 1.1368683772161603e-13 678.6256396743088 678.6256396743088 
gen 243 505538 678.6256396743087 1.1368683772161603e-13 678.6256396743088 678.6256396743088 
gen 244 507613 678.6256396743087 1.1368683772161603e-13 678.6256396743088 678.6256396743088 
gen 245 509691 678.6256396743087 1.1368683772161603e-13 678.6256396743088 678.6256396743088 
gen 246 511768 678.6256396743087 1.1368683772161603e-13 678.6256396743088 678.6256396743088 
gen 247 513853 678.6256396743087 1.1368683772161603e-13 678.6256396743088 678.6256396743088 
gen 248 515931 678.6256396743087 1.1368683772161603e-13 678.6256396743088 678.6256396743088 
gen 249 518009 678.6256396743087 1.1368683772161603e-13 678.6256396743088 678.6256396743088 
gen 250 520092 678.6256396743087 1.1368683772161603e-13 678.6256396743088 678.6256396743088 
gen 251 522173 678.6256396743087 1.1368683772161603e-13 678.6256396743088 678.6256396743088 
gen 252 524257 678.6256396743087 1.1368683772161603e-13 678.6256396743088 678.6256396743088 
gen 253 526338 678.6256396743087 1.1368683772161603e-13 678.6256396743088 678.6256396743088 
gen 254 528418 678.6256396743087 1.1368683772161603e-13 678.6256396743088 678.6256396743088 
gen 255 530493 678.6256396743087 1.1368683772161603e-13 678.6256396743088 678.6256396743088 
gen 256 532578 678.6256396743087 1.1368683772161603e-13 678.6256396743088 678.6256396743088 
gen 257 534657 678.6256396743087 1.1368683772161603e-13 678.6256396743088 678.6256396743088 
gen 258 536734 678.6256396743087 1.1368683772161603e-13 678.6256396743088 678.6256396743088 
gen 259 538815 678.6256396743087 1.1368683772161603e-13 678.6256396743088 678.6256396743088 
gen 260 540896 678.6256396743087 1.1368683772161603e-13 678.6256396743088 678.6256396743088 
gen 261 542981 678.6256396743087 1.1368683772161603e-13 678.6256396743088 678.6256396743088 
gen 262 545059 678.6256396743087 1.1368683772161603e-13 678.6256396743088 678.6256396743088 
gen 263 547146 678.6256396743087 1.1368683772161603e-13 678.6256396743088 678.6256396743088 
gen 264 549225 678.6256396743087 1.1368683772161603e-13 678.6256396743088 678.6256396743088 
gen 265 551306 678.6256396743087 1.1368683772161603e-13 678.6256396743088 678.6256396743088 
gen 266 553389 678.6256396743087 1.1368683772161603e-13 678.6256396743088 678.6256396743088 
gen 267 555463 678.6256396743087 1.1368683772161603e-13 678.6256396743088 678.6256396743088 
gen 268 557543 678.6256396743087 1.1368683772161603e-13 678.6256396743088 678.6256396743088 
gen 269 559621 678.6256396743087 1.1368683772161603e-13 678.6256396743088 678.6256396743088 
gen 270 561704 678.6256396743087 1.1368683772161603e-13 678.6256396743088 678.6256396743088 
gen 271 563784 678.6256396743087 1.1368683772161603e-13 678.6256396743088 678.6256396743088 
gen 272 565867 678.6256396743087 1.1368683772161603e-13 678.6256396743088 678.6256396743088 
gen 273 567949 678.6256396743087 1.1368683772161603e-13 678.6256396743088 678.6256396743088 
gen 274 570021 678.6256396743087 1.1368683772161603e-13 678.6256396743088 678.6256396743088 
gen 275 572097 678.6256396743087 1.1368683772161603e-13 678.6256396743088 678.6256396743088 
gen 276 574176 678.6256396743087 1.1368683772161603e-13 678.6256396743088 678.6256396743088 
gen 277 576255 678.6256396743087 1.1368683772161603e-13 678.6256396743088 678.6256396743088 
gen 278 578332 678.6256396743087 1.1368683772161603e-13 678.6256396743088 678.6256396743088 
gen 279 580405 678.6256396743087 1.1368683772161603e-13 678.6256396743088 678.6256396743088 
gen 280 582477 678.6256396743087 1.1368683772161603e-13 678.6256396743088 678.6256396743088 
gen 281 584563 678.6132264379287 0.175110248266234 676.1429923983032 678.6256396743088 
gen 282 586644 678.6008132015486 0.24702028503924803 676.1429923983032 678.6256396743088 
gen 283 588729 678.5883999651685 0.30177187827733004 676.1429923983032 678.6256396743088 
gen 284 590815 678.5387470196484 0.45626031929494404 676.1429923983032 678.6256396743088 
gen 285 592896 678.3277220011881 0.8067648726173533 676.1429923983032 678.6256396743088 
gen 286 594976 677.6059434979366 1.3334806339341128 674.8714888734687 678.6256396743088 
gen 287 597061 676.6004910925438 1.4803574113869473 674.8714888734687 678.6256396743088 
gen 288 599142 675.5611385069519 0.9559749458951803 674.8714888734687 678.6256396743088 
gen 289 601224 675.0113542612005 0.3978404288379535 674.8714888734687 676.1429923983032 
gen 290 603308 674.9309846909455 0.8392917890399196 674.8714888734687 686.7706523688331 
gen 291 605389 674.8714888734686 1.1368683772161603e-13 674.8714888734687 674.8714888734687 
gen 292 607468 674.868898730617 0.016175436923839378 674.7678831594045 674.8714888734687 
gen 293 609544 674.860610273492 0.031760686093897914 674.7678831594045 674.8714888734687 
gen 294 611629 674.8010974536801 0.3908843645002564 670.9405183165376 674.8714888734687 
gen 295 613710 674.6675972469751 0.7114327726344665 670.9405183165376 674.8714888734687 
gen 296 615785 674.2701958969645 1.271516997614458 670.9405183165376 674.8714888734687 
gen 297 617863 673.6294876951777 1.727230859330119 670.9405183165376 674.7678831594045 
gen 298 619946 672.4093111707532 1.8417963599232459 669.5380142486548 674.7678831594045 
gen 299 622024 671.250050319341 1.05634633672732 669.5380142486548 674.7678831594045 
gen 300 624102 670.8904563074839 0.2631775026618727 669.3431409131043 670.9405183165376 
[1, 0, 7, 2, 3, 4, 5, 6, 6, 0, 5, 2, 3, 7, 1, 4, 6, 3, 0, 5, 2, 7, 4, 1, 1, 0, 5, 2, 7, 3, 4, 6, 1, 3, 5, 6, 2, 0, 7, 4, 6, 3, 1, 5, 2, 7, 4, 0, 6, 3, 0, 5, 2, 7, 4, 1, 1, 6, 0, 5, 2, 7, 4, 3]
669.3431409131043
