gen 0 300 inf inf 886.8763524635027 1.7976931348623157e+308 
gen 1 2483 1697.412299567858 501.9273822598281 886.8763524635027 4153.470013275511 
gen 2 4720 1393.9851597604038 302.08694771300185 841.7609123555204 3146.842643268967 
gen 3 6915 1256.6836761004374 244.57929868331567 822.954290913458 2382.6520210987255 
gen 4 9212 1159.4323818899963 213.41338541311057 779.6162195514465 2190.871728931709 
gen 5 11325 1082.596444826973 214.35968697944557 779.6162195514465 2915.7633177779835 
gen 6 13420 1004.63463564631 158.8328056011813 779.6162195514465 1806.271914861583 
gen 7 15706 979.3322631518073 182.79194070441284 757.9627636343153 1998.1524449427982 
gen 8 17999 937.4792763671671 176.8817941563592 757.9627636343153 2242.2398170618535 
gen 9 20233 908.6490470485862 167.50688302611607 757.4233416764965 2248.9155788200146 
gen 10 22576 882.1057037797221 142.22834586821784 747.753514884203 1913.0689152349476 
gen 11 25032 856.2785733022627 101.0722365891799 738.1253547142239 1362.9509159057757 
gen 12 27382 876.7268076215001 156.17483555792577 732.7691336160601 1558.0440886551646 
gen 13 29880 857.634533886175 154.43935644160072 731.1256568804497 1995.929597170226 
gen 14 32048 848.4613280079263 160.1239932861642 719.4438935144848 2039.35127509906 
gen 15 34275 829.9386731137115 112.9483548308663 719.4438935144848 1447.398987619643 
gen 16 36610 815.8623149902754 126.42094976235332 713.6310674049914 1907.9471102490284 
gen 17 38893 809.4904267701298 103.17667898303213 705.8487085833585 1277.2905870322897 
gen 18 41112 794.1940588856363 85.13629571330854 705.8487085833585 1165.211944641585 
gen 19 43291 792.4860817836117 110.46659151010942 702.5954432592838 1797.8734316491339 
gen 20 45616 783.5688540138156 79.76042167237976 700.5611641598855 1197.4865593945615 
gen 21 48034 777.1988744096254 88.62206334127202 699.6119563119287 1267.0687248587374 
gen 22 50397 764.8392465864912 75.8255337525505 698.1495610390023 1102.9994065967037 
gen 23 52799 755.7953456545771 79.18009532542631 691.3911553051939 1657.4471893595764 
gen 24 55137 745.686198352398 68.86398754133825 695.5036106262723 1246.2550000157223 
gen 25 57549 734.3633720639525 61.41362947487151 686.6799171873357 1152.7770493263415 
gen 26 59915 722.2107180750007 44.72951961573254 671.7879692005148 1082.3746049423278 
gen 27 62265 711.5375675094191 35.57884108572352 677.989104054346 1012.3721337689146 
gen 28 64713 704.6867351562317 36.48469088332492 673.1868540452116 1238.5722983450235 
gen 29 67166 696.9622885919423 17.442291063920973 667.6446112623973 849.0208231731531 
gen 30 69585 692.1536873956321 19.202676520605333 661.666852093605 831.3977323418287 
gen 31 72062 686.8347398780195 18.397871425501297 657.5620476375577 842.9452172169227 
gen 32 74573 682.2082220831137 22.58098100181328 657.5620476375577 893.316248693533 
gen 33 76981 677.4982484031523 13.66158261449487 655.3991807882726 776.6821890909156 
gen 34 79533 676.1554601962082 23.58827305439892 655.3991807882726 917.6094595855767 
gen 35 82166 671.973160002452 15.935634610819605 655.3991807882726 783.8824080068601 
gen 36 84549 670.2529881065544 16.955110315291144 655.3991807882726 842.4138925866498 
gen 37 87087 667.0771097102086 12.426631966369095 655.3991807882726 767.5757834763393 
gen 38 89601 665.8631353643444 18.040702104906625 653.4670189205492 879.2235987793537 
gen 39 92017 661.6456766132936 6.960673926125846 653.4670189205492 702.863356189357 
gen 40 94584 659.6847582267161 7.033242893267416 653.4670189205492 726.1392760589488 
gen 41 97018 657.4763104696236 3.5619981512758154 653.1422411206964 689.874713564815 
gen 42 99432 657.8758419397756 9.948359776977883 653.4670189205492 796.1665224668388 
gen 43 101870 657.3623482907334 5.585131065335291 650.6070646725805 695.0475668347691 
gen 44 104241 657.2755473090475 9.066325301836898 650.6070646725805 790.1007323861515 
gen 45 106669 656.4535307523116 3.6999277207489576 646.4992305285485 680.5564762522466 
gen 46 108979 657.1453171257818 12.335991554083291 650.6070646725805 817.5283165654969 
gen 47 111440 656.584450904972 6.303635681592589 643.6245331825111 695.0475668347691 
gen 48 113794 656.8265934431397 10.818367973978333 643.5692393984059 801.4179227523713 
gen 49 116120 656.788512546592 15.620839711940665 643.5692393984059 829.8357949428166 
gen 50 118513 654.9845769140408 5.924814481940496 643.5692393984059 683.7577074855226 
gen 51 121040 654.7764843853204 8.40900827924358 643.5692393984059 691.9864919962703 
gen 52 123447 654.0228869632679 10.455185459946112 643.5692393984059 750.644078393089 
gen 53 125667 653.395646103228 11.627801963176548 643.5692393984059 799.5162186567738 
gen 54 127941 651.5383303413729 6.075594137190888 643.5692393984059 702.7778798548643 
gen 55 130230 651.6538710496299 8.251221787326575 643.5692393984059 721.6535851892579 
gen 56 132579 650.5986674246603 7.8162176219302 642.1939687163979 712.2136061092748 
gen 57 134901 650.3258182903711 15.072711898000607 642.1939687163979 799.2791824083696 
gen 58 137313 649.4602699819586 12.88688862483941 642.1939687163979 750.4633263907632 
gen 59 139736 647.7729115773058 13.081614181947117 642.1939687163979 797.0580835889828 
gen 60 142178 645.8159119048929 5.420675095664578 642.1939687163979 688.2773731717757 
gen 61 144704 644.843127102512 3.708606908251008 642.1939687163979 674.7792088434086 
gen 62 147241 644.646167006128 4.754116913820752 635.8704584255005 688.2773731717757 
gen 63 149788 644.911198646595 6.856731767353484 635.8704584255005 694.7994619070438 
gen 64 152198 645.745796313066 9.158236596477634 635.8704584255005 749.8189178586538 
gen 65 154591 647.4592278897009 18.620565627818404 635.8704584255005 832.721372960319 
gen 66 157154 643.942092603663 3.598580587922684 635.8704584255005 669.894169130506 
gen 67 159622 645.5366601712337 15.081102127215061 635.8704584255005 853.9769022343479 
gen 68 162152 645.6123786693631 21.00094252621895 635.8704584255005 980.8989732678809 
gen 69 164574 645.6890190059545 19.007578175736292 635.8704584255005 898.2731150515385 
gen 70 166933 644.0169739160625 8.594262511540697 635.8704584255005 723.0468556869281 
gen 71 169333 643.5583783026924 13.077980927580558 635.8704584255005 804.8503618706275 
gen 72 171763 641.7246484489207 8.284221897174247 635.8704584255005 693.8165587822684 
gen 73 174260 819.4117810020758 359.01380590615804 635.8704584255005 2669.217654445052 
gen 74 176694 958.624049779992 453.30132224469213 635.8704584255005 2707.1641105449835 
gen 75 179060 1085.6164515821886 501.64754614868224 635.8704584255005 3603.2579745732282 
gen 76 181280 1165.761660158762 547.2073615982655 635.8704584255005 3510.4754594146057 
gen 77 183639 1153.3922881809883 414.5927101380415 635.8704584255005 2271.0144636640252 
gen 78 186075 1282.0577664745138 453.9806634007955 635.8704584255005 3725.839415169702 
gen 79 188436 1252.0140231108205 420.1237811444602 635.8704584255005 3866.407687313339 
gen 80 190790 5.992310449541053e+305 inf 635.8704584255005 1.7976931348623157e+308 
gen 81 193132 1276.1968771391778 387.8024875302585 635.8704584255005 3113.2802677614973 
gen 82 195375 1270.9031429443214 403.5287564644599 635.8704584255005 3826.0279242572237 
gen 83 197701 1379.1576325761837 473.66734777683445 658.1294799711254 3474.143718228067 
gen 84 199853 1166.225313471826 299.0856007820206 658.1294799711254 2799.916020997526 
gen 85 201998 1054.0533033794552 256.84157333001843 654.9980651581619 3115.3401565093413 
gen 86 204250 965.255957816504 204.5425893369305 654.9980651581619 2089.107183657302 
gen 87 206404 901.67688417289 163.33802012091147 658.1294799711254 2008.9073889435638 
gen 88 208693 854.3986173227112 142.86592112070423 658.1294799711254 2231.0811665489773 
gen 89 210820 834.225451161826 131.16779390984257 658.1294799711254 1475.0988293902133 
gen 90 213025 790.4562766629574 116.95221574464726 638.3255153179341 1830.3306708889418 
gen 91 215303 763.6665389891116 86.12003830642311 650.384835020196 1275.713068865271 
gen 92 217677 735.8029544148789 81.02415332390022 639.6078937838954 1188.45486604382 
gen 93 219894 723.417459853366 73.54762050525704 635.8704584255005 1027.759034600716 
gen 94 222176 689.6412367585317 52.959957742550266 635.8704584255005 1057.1811087941035 
gen 95 224521 673.4450250283369 45.41118209980794 635.8704584255005 1009.5385229095065 
gen 96 226860 659.5973514701597 29.65909972582515 635.8704584255005 993.7727729016881 
gen 97 229279 650.9911310165501 11.577308730698237 635.8704584255005 734.683647522016 
gen 98 231644 646.7288678938617 9.790493376231147 635.8704584255005 713.4449088437316 
gen 99 234101 642.9928294408111 8.591356323388096 635.8704584255005 738.4134092145694 
gen 100 236696 640.1503837340614 5.737190862876672 635.8704584255005 702.6167016586799 
gen 101 239097 639.1028701731799 5.071519764475087 635.8704584255005 672.8444301992893 
gen 102 241551 638.6030523740021 7.305996130902736 635.8704584255005 699.8318503893329 
gen 103 244093 637.9996859512344 6.995546019839428 635.8704584255005 710.1473229288882 
gen 104 246495 923.0899068183322 478.1371018770877 635.8704584255005 4071.969176082344 
gen 105 248994 981.6492318939805 455.711052007633 635.8704584255005 2505.0714805928255 
gen 106 251293 1102.6997114612657 493.91456371825774 635.8704584255005 3295.913020398769 
gen 107 253708 1119.9701400462038 460.7675624612434 635.8704584255005 3197.063687649135 
gen 108 255947 1174.9788597463398 409.73403986677425 635.8704584255005 2378.87031383122 
gen 109 258273 1246.018473055547 409.66540983415393 635.8704584255005 3561.9055057168257 
gen 110 260637 5.992310449541053e+305 inf 635.8704584255005 1.7976931348623157e+308 
gen 111 262981 1301.0711710093024 449.7525916248275 635.8704584255005 3781.310821934005 
gen 112 265221 1321.2431824896594 404.4896764871845 637.0286609873277 3559.400270459563 
gen 113 267317 1108.1393932209896 259.0738639513204 637.0286609873277 2175.8753495958017 
gen 114 269562 974.9813609385892 194.43497875409832 637.0286609873277 1908.4977185444973 
gen 115 271742 918.9328525478744 166.97606329219929 637.0286609873277 1989.4409152898218 
gen 116 273947 870.2891799116479 147.50146903400116 637.0286609873277 1974.5647570575206 
gen 117 276199 825.7949455284597 109.94739177950571 637.0286609873277 1310.0376973824768 
gen 118 278436 786.9705213462595 112.38337205430342 637.0286609873277 1524.9743554630213 
gen 119 280800 748.1161002916178 94.11334486445875 637.0286609873277 1581.1863820732608 
gen 120 283142 707.7908245193851 63.70045403255099 637.0286609873277 1011.7557954724876 
gen 121 285497 680.7311278955143 52.25838120301681 637.0286609873277 967.7343437681536 
gen 122 287975 653.8007009240384 26.3021764982633 637.0286609873277 860.6948836881295 
gen 123 290573 848.9097880196433 370.22780110034 637.0286609873277 3127.0763916358974 
gen 124 293020 945.3352179206902 436.5063841783146 637.0286609873277 2753.694385723614 
gen 125 295383 1000.5169556828126 405.5934729444356 635.8704584255005 2380.174958955131 
gen 126 297802 771.6864906602461 233.24140895339278 635.8704584255005 2540.000385576463 
gen 127 300281 672.1998158600853 64.68406521788866 635.8704584255005 1157.24112773366 
[1, 0, 4, 6, 7, 5, 3, 2, 6, 3, 5, 1, 4, 0, 2, 7, 6, 3, 0, 5, 2, 1, 7, 4, 1, 0, 4, 6, 7, 5, 2, 3, 1, 0, 4, 7, 6, 5, 2, 3, 1, 0, 4, 7, 3, 6, 5, 2, 1, 0, 4, 7, 3, 5, 2, 6, 6, 3, 1, 5, 2, 7, 4, 0]
min  635.8704584255005
NFE 300281
LSNFE 247168
VLSNFE 213528
