gen 0 200 inf inf 886.8763524635027 1.7976931348623157e+308 
gen 1 288 1839.0241675589245 595.9360848517606 886.8763524635027 4779.082961266329 
gen 2 366 1439.2857017091458 335.60889186860993 886.8763524635027 2844.7428757031976 
gen 3 450 1198.004977041007 213.54884738428296 886.8763524635027 1835.9647485557532 
gen 4 530 1054.3589254931392 132.79483926722367 886.8763524635027 1636.5533724700942 
gen 5 611 964.1433843361623 90.31004350920001 886.8763524635027 1423.9667314338221 
gen 6 688 911.2307648617727 47.03060347112183 886.8763524635027 1053.0243537148506 
gen 7 768 887.8373406823657 11.851370002388055 846.0305333901457 1009.4411644488868 
gen 8 849 884.460726217404 8.931208820282052 846.0305333901457 886.8763524635027 
gen 9 929 879.7759339164762 14.64279996540443 834.0558887844952 886.8763524635027 
gen 10 1013 868.7672590034375 21.780095874883955 782.4636275365467 886.8763524635027 
gen 11 1088 851.9933885156486 23.82356168251975 782.4636275365467 886.8763524635027 
gen 12 1168 831.8217798443878 24.20736550872381 782.4636275365467 873.6075438862197 
gen 13 1253 813.2013135601552 27.42553117968275 782.4636275365467 846.0305333901457 
gen 14 1332 792.1602208697375 18.56637519929205 764.2506581894476 846.0305333901457 
gen 15 1414 781.4035654154405 7.230289144911245 753.1327112425496 825.5005050618257 
gen 16 1493 778.167940850608 7.8734023751211515 753.1327112425496 782.4636275365467 
gen 17 1572 772.2330837399286 10.118806001701 742.8179390722852 782.4636275365467 
gen 18 1650 763.5892827338846 9.848762253029985 740.5362303490839 782.4636275365467 
gen 19 1734 755.9411970385784 8.934916174455172 740.5362303490839 774.7435563425263 
gen 20 1812 748.489507035262 8.34982326538765 723.1262731903342 765.109434140994 
gen 21 1892 740.5189270953811 8.099782902414209 723.1262731903342 764.7191760165075 
gen 22 1971 735.6961725801381 7.739579312183699 723.1262731903342 750.6196541148593 
gen 23 2053 728.9980854755854 6.702525406337566 723.1262731903342 764.2506581894476 
gen 24 2135 724.7164262915801 3.277660268459518 716.5422904642246 740.5362303490839 
gen 25 2220 722.9853200894672 1.6861964177683304 716.5422904642246 727.3374561292042 
gen 26 2293 722.0915256541313 2.135895990105398 716.5422904642246 723.1262731903342 
gen 27 2376 720.3462184166044 2.854631859181023 716.5422904642246 723.1262731903342 
gen 28 2456 718.2200475232163 2.430529978250297 716.5422904642246 723.1262731903342 
gen 29 2533 716.4954041703802 2.448860411069891 693.2605378482004 721.4518115702801 
gen 30 2615 715.7420522039786 4.0812806046991925 693.2605378482004 716.5422904642246 
gen 31 2698 714.9420990324263 5.3670444521003215 693.2605378482004 716.5422904642246 
gen 32 2777 712.8144138239517 7.771260741120131 693.2605378482004 716.5422904642246 
gen 33 2853 708.0727568065375 9.851290477772892 693.2605378482004 716.5422904642246 
gen 34 2937 700.5790175242098 9.055969015495085 683.0819696716692 716.5422904642246 
gen 35 3021 694.3101418392636 5.1514147166652355 683.0819696716692 716.5422904642246 
gen 36 3092 691.402202398383 3.9110011900207824 683.0819696716692 706.3637222876932 
gen 37 3172 688.810236702169 4.764542287426333 680.2905232206665 693.2605378482004 
gen 38 3247 684.9550138214026 4.1099741493457485 679.899039708111 693.2605378482004 
gen 39 3327 682.288203641276 1.9250452492892418 679.899039708111 690.0020362097024 
gen 40 3404 680.9090668936439 1.191133553168366 679.899039708111 683.0819696716692 
gen 41 3482 680.3074591077467 0.4639046442218229 679.899039708111 683.0819696716692 
gen 42 3558 680.1750355844626 0.17853322201166755 679.899039708111 680.2905232206665 
gen 43 3633 680.0517182780076 0.1909460581667141 679.899039708111 680.2905232206665 
gen 44 3713 679.9381880593663 0.117445053766653 679.899039708111 680.2905232206665 
gen 45 3791 680.010052097137 1.6629108860425126 678.5695854936251 703.4309717277896 
gen 46 3876 679.8015316709883 0.49453388053036706 677.0919232088555 679.899039708111 
gen 47 3957 679.6412340328083 0.7798170873503072 677.0919232088555 679.899039708111 
gen 48 4031 679.1935774736303 1.1807776750474555 677.0919232088555 679.899039708111 
gen 49 4108 678.5701056130731 1.358873774316581 677.0919232088555 679.899039708111 
gen 50 4192 677.5639678233592 1.0262290187255925 677.0919232088555 679.899039708111 
gen 51 4277 677.119994373848 0.27930456512539087 677.0919232088555 679.899039708111 
gen 52 4350 677.0919232088554 1.1368683772161603e-13 677.0919232088555 677.0919232088555 
gen 53 4435 677.0919232088554 1.1368683772161603e-13 677.0919232088555 677.0919232088555 
gen 54 4518 677.0919232088554 1.1368683772161603e-13 677.0919232088555 677.0919232088555 
gen 55 4594 677.0919232088554 1.1368683772161603e-13 677.0919232088555 677.0919232088555 
gen 56 4671 677.0919232088554 1.1368683772161603e-13 677.0919232088555 677.0919232088555 
gen 57 4755 677.0919232088554 1.1368683772161603e-13 677.0919232088555 677.0919232088555 
gen 58 4838 677.0919232088554 1.1368683772161603e-13 677.0919232088555 677.0919232088555 
gen 59 4919 677.0919232088554 1.1368683772161603e-13 677.0919232088555 677.0919232088555 
gen 60 5001 677.0919232088554 1.1368683772161603e-13 677.0919232088555 677.0919232088555 
gen 61 5083 677.0919232088554 1.1368683772161603e-13 677.0919232088555 677.0919232088555 
gen 62 5161 677.0919232088554 1.1368683772161603e-13 677.0919232088555 677.0919232088555 
gen 63 5241 677.0919232088554 1.1368683772161603e-13 677.0919232088555 677.0919232088555 
gen 64 5318 677.0919232088554 1.1368683772161603e-13 677.0919232088555 677.0919232088555 
gen 65 5401 677.0919232088554 1.1368683772161603e-13 677.0919232088555 677.0919232088555 
gen 66 5481 677.0919232088554 1.1368683772161603e-13 677.0919232088555 677.0919232088555 
gen 67 5565 677.0492233694265 0.2988988760029929 674.9569312374056 677.0919232088555 
gen 68 5644 676.9744986504259 0.486736029667154 674.9569312374056 677.0919232088555 
gen 69 5725 676.8463991321388 0.6811092866348987 674.9569312374056 677.0919232088555 
gen 70 5803 676.4194007378487 0.9917376680403215 674.9569312374056 677.0919232088555 
gen 71 5879 675.661478587984 1.0039003774201074 674.9569312374056 677.0919232088555 
gen 72 5954 675.1384055549788 0.5954101805516621 674.9569312374056 677.0919232088555 
gen 73 6041 674.9569312374058 2.2737367544323206e-13 674.9569312374056 674.9569312374056 
gen 74 6118 674.9569312374058 2.2737367544323206e-13 674.9569312374056 674.9569312374056 
gen 75 6199 674.9569312374058 2.2737367544323206e-13 674.9569312374056 674.9569312374056 
gen 76 6283 674.9569312374058 2.2737367544323206e-13 674.9569312374056 674.9569312374056 
gen 77 6364 674.9569312374058 2.2737367544323206e-13 674.9569312374056 674.9569312374056 
gen 78 6446 674.9569312374058 2.2737367544323206e-13 674.9569312374056 674.9569312374056 
gen 79 6532 674.9569312374058 2.2737367544323206e-13 674.9569312374056 674.9569312374056 
gen 80 6613 674.9569312374058 2.2737367544323206e-13 674.9569312374056 674.9569312374056 
gen 81 6696 674.9569312374058 2.2737367544323206e-13 674.9569312374056 674.9569312374056 
gen 82 6772 674.9569312374058 2.2737367544323206e-13 674.9569312374056 674.9569312374056 
gen 83 6847 674.9569312374058 2.2737367544323206e-13 674.9569312374056 674.9569312374056 
gen 84 6925 674.8251086305074 0.9227582482882234 668.3658008924897 674.9569312374056 
gen 85 7009 674.5944190684354 1.5026476249108764 668.3658008924897 674.9569312374056 
gen 86 7085 674.1000842925666 2.216619771678757 668.3658008924897 674.9569312374056 
gen 87 7164 672.9795921339309 3.0204353720897426 668.3658008924897 674.9569312374056 
gen 88 7247 671.223611090775 3.259605900891994 668.3658008924897 674.9569312374056 
gen 89 7321 669.0155824252281 1.9535836246077567 668.3658008924897 674.9569312374056 
gen 90 7400 668.3658008924895 2.2737367544323206e-13 668.3658008924897 668.3658008924897 
gen 91 7480 668.3658008924895 2.2737367544323206e-13 668.3658008924897 668.3658008924897 
gen 92 7561 668.3658008924895 2.2737367544323206e-13 668.3658008924897 668.3658008924897 
gen 93 7633 668.3658008924895 2.2737367544323206e-13 668.3658008924897 668.3658008924897 
gen 94 7711 668.3658008924895 2.2737367544323206e-13 668.3658008924897 668.3658008924897 
gen 95 7797 668.2887088070855 1.087517694916166 652.9473838116885 668.3658008924897 
gen 96 7880 668.0574325508735 2.1585783913121666 652.9473838116885 668.3658008924897 
gen 97 7955 667.5177879530455 3.515094770386745 652.9473838116885 668.3658008924897 
gen 98 8039 665.8988541595614 5.652485069533721 652.9473838116885 668.3658008924897 
gen 99 8117 661.6587894623411 7.643788149313656 652.9473838116885 668.3658008924897 
gen 100 8200 655.1830542884045 5.428837572149609 652.9473838116885 668.3658008924897 
gen 101 8275 653.1786600679004 1.8741464917331523 652.9473838116885 668.3658008924897 
gen 102 8353 652.9473838116884 1.1368683772161603e-13 652.9473838116885 652.9473838116885 
gen 103 8434 652.9473838116884 1.1368683772161603e-13 652.9473838116885 652.9473838116885 
gen 104 8514 652.9473838116884 1.1368683772161603e-13 652.9473838116885 652.9473838116885 
gen 105 8599 652.9473838116884 1.1368683772161603e-13 652.9473838116885 652.9473838116885 
gen 106 8680 652.9473838116884 1.1368683772161603e-13 652.9473838116885 652.9473838116885 
gen 107 8760 652.9473838116884 1.1368683772161603e-13 652.9473838116885 652.9473838116885 
gen 108 8838 652.9473838116884 1.1368683772161603e-13 652.9473838116885 652.9473838116885 
gen 109 8915 652.9473838116884 1.1368683772161603e-13 652.9473838116885 652.9473838116885 
gen 110 9001 652.9473838116884 1.1368683772161603e-13 652.9473838116885 652.9473838116885 
gen 111 9082 652.9473838116884 1.1368683772161603e-13 652.9473838116885 652.9473838116885 
gen 112 9160 652.9473838116884 1.1368683772161603e-13 652.9473838116885 652.9473838116885 
gen 113 9236 652.9473838116884 1.1368683772161603e-13 652.9473838116885 652.9473838116885 
gen 114 9319 652.9473838116884 1.1368683772161603e-13 652.9473838116885 652.9473838116885 
gen 115 9393 652.9473838116884 1.1368683772161603e-13 652.9473838116885 652.9473838116885 
gen 116 9469 652.9473838116884 1.1368683772161603e-13 652.9473838116885 652.9473838116885 
gen 117 9555 652.9473838116884 1.1368683772161603e-13 652.9473838116885 652.9473838116885 
gen 118 9629 652.9473838116884 1.1368683772161603e-13 652.9473838116885 652.9473838116885 
gen 119 9715 652.9473838116884 1.1368683772161603e-13 652.9473838116885 652.9473838116885 
gen 120 9791 652.9473838116884 1.1368683772161603e-13 652.9473838116885 652.9473838116885 
gen 121 9875 652.9473838116884 1.1368683772161603e-13 652.9473838116885 652.9473838116885 
gen 122 9947 652.9473838116884 1.1368683772161603e-13 652.9473838116885 652.9473838116885 
gen 123 10034 652.9473838116884 1.1368683772161603e-13 652.9473838116885 652.9473838116885 
gen 124 10115 652.9473838116884 1.1368683772161603e-13 652.9473838116885 652.9473838116885 
gen 125 10188 652.9473838116884 1.1368683772161603e-13 652.9473838116885 652.9473838116885 
gen 126 10267 652.9473838116884 1.1368683772161603e-13 652.9473838116885 652.9473838116885 
gen 127 10344 652.9473838116884 1.1368683772161603e-13 652.9473838116885 652.9473838116885 
gen 128 10421 652.9473838116884 1.1368683772161603e-13 652.9473838116885 652.9473838116885 
gen 129 10501 652.9473838116884 1.1368683772161603e-13 652.9473838116885 652.9473838116885 
gen 130 10582 652.9473838116884 1.1368683772161603e-13 652.9473838116885 652.9473838116885 
gen 131 10667 652.9473838116884 1.1368683772161603e-13 652.9473838116885 652.9473838116885 
gen 132 10741 652.9473838116884 1.1368683772161603e-13 652.9473838116885 652.9473838116885 
gen 133 10819 652.9473838116884 1.1368683772161603e-13 652.9473838116885 652.9473838116885 
gen 134 10901 652.9473838116884 1.1368683772161603e-13 652.9473838116885 652.9473838116885 
gen 135 10987 652.9473838116884 1.1368683772161603e-13 652.9473838116885 652.9473838116885 
gen 136 11069 652.9473838116884 1.1368683772161603e-13 652.9473838116885 652.9473838116885 
gen 137 11144 652.9473838116884 1.1368683772161603e-13 652.9473838116885 652.9473838116885 
gen 138 11224 652.9473838116884 1.1368683772161603e-13 652.9473838116885 652.9473838116885 
gen 139 11300 652.9473838116884 1.1368683772161603e-13 652.9473838116885 652.9473838116885 
gen 140 11377 652.9473838116884 1.1368683772161603e-13 652.9473838116885 652.9473838116885 
gen 141 11453 652.9473838116884 1.1368683772161603e-13 652.9473838116885 652.9473838116885 
gen 142 11530 652.9473838116884 1.1368683772161603e-13 652.9473838116885 652.9473838116885 
gen 143 11615 652.9473838116884 1.1368683772161603e-13 652.9473838116885 652.9473838116885 
gen 144 11697 652.9473838116884 1.1368683772161603e-13 652.9473838116885 652.9473838116885 
gen 145 11778 653.1018820723605 2.1794661726180755 652.9473838116885 683.8470359460966 
gen 146 11855 652.9473838116884 1.1368683772161603e-13 652.9473838116885 652.9473838116885 
gen 147 11934 652.9473838116884 1.1368683772161603e-13 652.9473838116885 652.9473838116885 
gen 148 12016 652.9473838116884 1.1368683772161603e-13 652.9473838116885 652.9473838116885 
gen 149 12098 652.9473838116884 1.1368683772161603e-13 652.9473838116885 652.9473838116885 
gen 150 12176 652.9473838116884 1.1368683772161603e-13 652.9473838116885 652.9473838116885 
gen 151 12259 652.9473838116884 1.1368683772161603e-13 652.9473838116885 652.9473838116885 
gen 152 12338 652.9473838116884 1.1368683772161603e-13 652.9473838116885 652.9473838116885 
gen 153 12419 652.9473838116884 1.1368683772161603e-13 652.9473838116885 652.9473838116885 
gen 154 12500 652.9473838116884 1.1368683772161603e-13 652.9473838116885 652.9473838116885 
gen 155 12579 652.9723939717095 0.3528117242282267 652.9473838116885 657.949415815928 
gen 156 12660 652.9473838116884 1.1368683772161603e-13 652.9473838116885 652.9473838116885 
gen 157 12739 652.9473838116884 1.1368683772161603e-13 652.9473838116885 652.9473838116885 
gen 158 12820 652.9473838116884 1.1368683772161603e-13 652.9473838116885 652.9473838116885 
gen 159 12907 652.9473838116884 1.1368683772161603e-13 652.9473838116885 652.9473838116885 
gen 160 12985 652.9473838116884 1.1368683772161603e-13 652.9473838116885 652.9473838116885 
gen 161 13067 652.9473838116884 1.1368683772161603e-13 652.9473838116885 652.9473838116885 
gen 162 13148 652.9473838116884 1.1368683772161603e-13 652.9473838116885 652.9473838116885 
gen 163 13233 652.9473838116884 1.1368683772161603e-13 652.9473838116885 652.9473838116885 
gen 164 13309 652.9473838116884 1.1368683772161603e-13 652.9473838116885 652.9473838116885 
gen 165 13382 652.9473838116884 1.1368683772161603e-13 652.9473838116885 652.9473838116885 
gen 166 13462 652.9473838116884 1.1368683772161603e-13 652.9473838116885 652.9473838116885 
gen 167 13535 652.9473838116884 1.1368683772161603e-13 652.9473838116885 652.9473838116885 
gen 168 13607 652.9473838116884 1.1368683772161603e-13 652.9473838116885 652.9473838116885 
gen 169 13690 652.9473838116884 1.1368683772161603e-13 652.9473838116885 652.9473838116885 
gen 170 13768 653.330891435188 5.410040790899161 652.9473838116885 729.6489085116255 
gen 171 13842 652.9473838116884 1.1368683772161603e-13 652.9473838116885 652.9473838116885 
gen 172 13922 652.9473838116884 1.1368683772161603e-13 652.9473838116885 652.9473838116885 
gen 173 14006 652.9473838116884 1.1368683772161603e-13 652.9473838116885 652.9473838116885 
gen 174 14094 652.9473838116884 1.1368683772161603e-13 652.9473838116885 652.9473838116885 
gen 175 14172 652.9473838116884 1.1368683772161603e-13 652.9473838116885 652.9473838116885 
gen 176 14256 652.9473838116884 1.1368683772161603e-13 652.9473838116885 652.9473838116885 
gen 177 14341 652.9473838116884 1.1368683772161603e-13 652.9473838116885 652.9473838116885 
gen 178 14416 652.9473838116884 1.1368683772161603e-13 652.9473838116885 652.9473838116885 
gen 179 14498 652.9473838116884 1.1368683772161603e-13 652.9473838116885 652.9473838116885 
gen 180 14573 652.9473838116884 1.1368683772161603e-13 652.9473838116885 652.9473838116885 
gen 181 14659 652.9473838116884 1.1368683772161603e-13 652.9473838116885 652.9473838116885 
gen 182 14740 652.9473838116884 1.1368683772161603e-13 652.9473838116885 652.9473838116885 
gen 183 14826 652.9473838116884 1.1368683772161603e-13 652.9473838116885 652.9473838116885 
gen 184 14909 652.9473838116884 1.1368683772161603e-13 652.9473838116885 652.9473838116885 
gen 185 14989 652.9473838116884 1.1368683772161603e-13 652.9473838116885 652.9473838116885 
gen 186 15067 652.9380546663193 0.13160379063641373 651.0815547378884 652.9473838116885 
gen 187 15142 652.9007380848433 0.2913024707808813 651.0815547378884 652.9473838116885 
gen 188 15219 652.7887883404153 0.5203455753303802 651.0815547378884 652.9473838116885 
gen 189 15292 652.5648888515593 0.753238224379674 651.0815547378884 652.9473838116885 
gen 190 15373 652.1637356006923 0.9208958122993968 651.0815547378884 652.9473838116885 
gen 191 15458 651.6413034600283 0.8550302964538369 651.0815547378884 652.9473838116885 
gen 192 15542 651.0872104978366 0.7533443506290695 647.202961173462 652.9473838116885 
gen 193 15625 650.8387753015695 0.9676215471115776 647.202961173462 652.9473838116885 
gen 194 15706 650.5385516388685 1.345821667152227 647.202961173462 651.0815547378884 
gen 195 15790 649.4525454408291 1.914312849577944 647.202961173462 651.0815547378884 
gen 196 15873 647.9011080150585 1.4901069875717885 647.202961173462 651.0815547378884 
gen 197 15945 647.222354141284 0.2735714769289728 647.202961173462 651.0815547378884 
gen 198 16018 647.2544090670228 0.7257618511759064 647.202961173462 657.4925398856751 
gen 199 16091 647.2029611734619 1.1368683772161603e-13 647.202961173462 647.202961173462 
gen 200 16179 647.2029611734619 1.1368683772161603e-13 647.202961173462 647.202961173462 
[1, 0, 6, 5, 3, 2, 7, 4, 6, 3, 2, 5, 0, 7, 1, 4, 6, 3, 1, 2, 0, 7, 4, 5, 1, 0, 6, 5, 7, 3, 4, 2, 6, 3, 5, 7, 4, 1, 0, 2, 6, 3, 2, 5, 7, 4, 1, 0, 1, 6, 0, 5, 7, 2, 4, 3, 6, 3, 2, 7, 4, 1, 5, 0]
647.202961173462
