gen 0 200 inf inf 886.8763524635027 1.7976931348623157e+308 
gen 1 288 1839.0241675589245 595.9360848517606 886.8763524635027 4779.082961266329 
gen 2 366 1439.2857017091458 335.60889186860993 886.8763524635027 2844.7428757031976 
gen 3 450 1198.004977041007 213.54884738428296 886.8763524635027 1835.9647485557532 
gen 4 530 1054.3589254931392 132.79483926722367 886.8763524635027 1636.5533724700942 
gen 5 611 964.1433843361623 90.31004350920001 886.8763524635027 1423.9667314338221 
gen 6 688 911.2307648617727 47.03060347112183 886.8763524635027 1053.0243537148506 
gen 7 768 887.8373406823657 11.851370002388055 846.0305333901457 1009.4411644488868 
gen 8 849 884.460726217404 8.931208820282052 846.0305333901457 886.8763524635027 
gen 9 929 879.7759339164762 14.64279996540443 834.0558887844952 886.8763524635027 
gen 10 1013 868.7672590034375 21.780095874883955 782.4636275365467 886.8763524635027 
gen 11 1088 851.9933885156486 23.82356168251975 782.4636275365467 886.8763524635027 
gen 12 1168 831.8217798443878 24.20736550872381 782.4636275365467 873.6075438862197 
gen 13 1253 813.2013135601552 27.42553117968275 782.4636275365467 846.0305333901457 
gen 14 1332 792.1602208697375 18.56637519929205 764.2506581894476 846.0305333901457 
gen 15 1414 781.4035654154405 7.230289144911245 753.1327112425496 825.5005050618257 
gen 16 1493 778.167940850608 7.8734023751211515 753.1327112425496 782.4636275365467 
gen 17 1572 772.2330837399286 10.118806001701 742.8179390722852 782.4636275365467 
gen 18 1650 763.5892827338846 9.848762253029985 740.5362303490839 782.4636275365467 
gen 19 1734 755.9411970385784 8.934916174455172 740.5362303490839 774.7435563425263 
gen 20 1812 748.489507035262 8.34982326538765 723.1262731903342 765.109434140994 
gen 21 1892 740.5189270953811 8.099782902414209 723.1262731903342 764.7191760165075 
gen 22 1971 735.6961725801381 7.739579312183699 723.1262731903342 750.6196541148593 
gen 23 2053 728.9980854755854 6.702525406337566 723.1262731903342 764.2506581894476 
gen 24 2135 724.7164262915801 3.277660268459518 716.5422904642246 740.5362303490839 
gen 25 2220 722.9853200894672 1.6861964177683304 716.5422904642246 727.3374561292042 
gen 26 2293 722.0915256541313 2.135895990105398 716.5422904642246 723.1262731903342 
gen 27 2376 720.3462184166044 2.854631859181023 716.5422904642246 723.1262731903342 
gen 28 2456 718.2200475232163 2.430529978250297 716.5422904642246 723.1262731903342 
gen 29 2533 716.4954041703802 2.448860411069891 693.2605378482004 721.4518115702801 
gen 30 2615 715.7420522039786 4.0812806046991925 693.2605378482004 716.5422904642246 
gen 31 2698 714.9420990324263 5.3670444521003215 693.2605378482004 716.5422904642246 
gen 32 2777 712.8144138239517 7.771260741120131 693.2605378482004 716.5422904642246 
